(kicad_pcb (version 20171130) (host pcbnew "(5.0.1)-4")

  (general
    (thickness 1.6)
    (drawings 8)
    (tracks 380)
    (zones 0)
    (modules 38)
    (nets 67)
  )

  (page A4)
  (layers
    (0 F.Cu signal)
    (31 B.Cu signal)
    (32 B.Adhes user)
    (33 F.Adhes user)
    (34 B.Paste user)
    (35 F.Paste user)
    (36 B.SilkS user)
    (37 F.SilkS user)
    (38 B.Mask user)
    (39 F.Mask user)
    (40 Dwgs.User user hide)
    (41 Cmts.User user)
    (42 Eco1.User user)
    (43 Eco2.User user)
    (44 Edge.Cuts user)
    (45 Margin user)
    (46 B.CrtYd user)
    (47 F.CrtYd user)
    (48 B.Fab user hide)
    (49 F.Fab user hide)
  )

  (setup
    (last_trace_width 0.15)
    (trace_clearance 0.15)
    (zone_clearance 0.254)
    (zone_45_only no)
    (trace_min 0.128)
    (segment_width 0.2)
    (edge_width 0.15)
    (via_size 0.6)
    (via_drill 0.3)
    (via_min_size 0.45)
    (via_min_drill 0.2)
    (uvia_size 0.3)
    (uvia_drill 0.1)
    (uvias_allowed no)
    (uvia_min_size 0.2)
    (uvia_min_drill 0.1)
    (pcb_text_width 0.3)
    (pcb_text_size 1.5 1.5)
    (mod_edge_width 0.15)
    (mod_text_size 1 1)
    (mod_text_width 0.15)
    (pad_size 1.35 1.35)
    (pad_drill 0.8)
    (pad_to_mask_clearance 0.051)
    (solder_mask_min_width 0.25)
    (aux_axis_origin 0 0)
    (visible_elements 7FFFFFFF)
    (pcbplotparams
      (layerselection 0x010fc_ffffffff)
      (usegerberextensions false)
      (usegerberattributes false)
      (usegerberadvancedattributes false)
      (creategerberjobfile false)
      (excludeedgelayer true)
      (linewidth 0.100000)
      (plotframeref false)
      (viasonmask false)
      (mode 1)
      (useauxorigin false)
      (hpglpennumber 1)
      (hpglpenspeed 20)
      (hpglpendiameter 15.000000)
      (psnegative false)
      (psa4output false)
      (plotreference true)
      (plotvalue true)
      (plotinvisibletext false)
      (padsonsilk false)
      (subtractmaskfromsilk false)
      (outputformat 1)
      (mirror false)
      (drillshape 1)
      (scaleselection 1)
      (outputdirectory ""))
  )

  (net 0 "")
  (net 1 GND)
  (net 2 /D+)
  (net 3 /D-)
  (net 4 "Net-(R6-Pad1)")
  (net 5 "Net-(R7-Pad1)")
  (net 6 "Net-(USB1-Pad9)")
  (net 7 "Net-(USB1-Pad3)")
  (net 8 "Net-(USB1-Pad5)")
  (net 9 "Net-(ANT1-Pad2)")
  (net 10 "Net-(ANT1-Pad3)")
  (net 11 "Net-(ANT1-Pad4)")
  (net 12 /EN)
  (net 13 "Net-(C3-Pad2)")
  (net 14 +3V3)
  (net 15 "Net-(IC1-Pad5)")
  (net 16 "Net-(IC1-Pad6)")
  (net 17 "Net-(IC1-Pad7)")
  (net 18 "Net-(IC1-Pad8)")
  (net 19 /IO34)
  (net 20 /IO35)
  (net 21 /IO32)
  (net 22 /IO33)
  (net 23 /IO25)
  (net 24 /IO26)
  (net 25 /IO27)
  (net 26 /IO12)
  (net 27 /IO15)
  (net 28 /IO2)
  (net 29 /IO0)
  (net 30 /IO4)
  (net 31 /IO16)
  (net 32 "Net-(IC1-Pad26)")
  (net 33 /IO17)
  (net 34 "Net-(IC1-Pad28)")
  (net 35 "Net-(IC1-Pad29)")
  (net 36 "Net-(IC1-Pad30)")
  (net 37 "Net-(IC1-Pad31)")
  (net 38 "Net-(IC1-Pad32)")
  (net 39 "Net-(IC1-Pad33)")
  (net 40 /IO19)
  (net 41 /IO22)
  (net 42 /RXD)
  (net 43 /TXD)
  (net 44 /IO21)
  (net 45 "Net-(IC1-Pad44)")
  (net 46 "Net-(IC1-Pad45)")
  (net 47 "Net-(IC1-Pad47)")
  (net 48 "Net-(IC1-Pad48)")
  (net 49 VCC)
  (net 50 "Net-(U1-Pad4)")
  (net 51 "Net-(USB1-Pad8)")
  (net 52 +BATT)
  (net 53 -BATT)
  (net 54 VDD)
  (net 55 "Net-(C8-Pad1)")
  (net 56 "Net-(D1-Pad1)")
  (net 57 /LED)
  (net 58 "Net-(D2-Pad1)")
  (net 59 /IO18)
  (net 60 /IO23)
  (net 61 "Net-(R5-Pad2)")
  (net 62 /SCL)
  (net 63 /SDA)
  (net 64 "Net-(R8-Pad2)")
  (net 65 "Net-(U4-Pad3)")
  (net 66 "Net-(U4-Pad4)")

  (net_class Default "Esta es la clase de red por defecto."
    (clearance 0.15)
    (trace_width 0.15)
    (via_dia 0.6)
    (via_drill 0.3)
    (uvia_dia 0.3)
    (uvia_drill 0.1)
    (diff_pair_gap 0.15)
    (diff_pair_width 0.2)
    (add_net +3V3)
    (add_net /D+)
    (add_net /D-)
    (add_net /EN)
    (add_net /IO0)
    (add_net /IO12)
    (add_net /IO15)
    (add_net /IO16)
    (add_net /IO17)
    (add_net /IO18)
    (add_net /IO19)
    (add_net /IO2)
    (add_net /IO21)
    (add_net /IO22)
    (add_net /IO23)
    (add_net /IO25)
    (add_net /IO26)
    (add_net /IO27)
    (add_net /IO32)
    (add_net /IO33)
    (add_net /IO34)
    (add_net /IO35)
    (add_net /IO4)
    (add_net /LED)
    (add_net /RXD)
    (add_net /SCL)
    (add_net /SDA)
    (add_net /TXD)
    (add_net "Net-(ANT1-Pad2)")
    (add_net "Net-(ANT1-Pad3)")
    (add_net "Net-(ANT1-Pad4)")
    (add_net "Net-(C3-Pad2)")
    (add_net "Net-(C8-Pad1)")
    (add_net "Net-(D1-Pad1)")
    (add_net "Net-(D2-Pad1)")
    (add_net "Net-(IC1-Pad26)")
    (add_net "Net-(IC1-Pad28)")
    (add_net "Net-(IC1-Pad29)")
    (add_net "Net-(IC1-Pad30)")
    (add_net "Net-(IC1-Pad31)")
    (add_net "Net-(IC1-Pad32)")
    (add_net "Net-(IC1-Pad33)")
    (add_net "Net-(IC1-Pad44)")
    (add_net "Net-(IC1-Pad45)")
    (add_net "Net-(IC1-Pad47)")
    (add_net "Net-(IC1-Pad48)")
    (add_net "Net-(IC1-Pad5)")
    (add_net "Net-(IC1-Pad6)")
    (add_net "Net-(IC1-Pad7)")
    (add_net "Net-(IC1-Pad8)")
    (add_net "Net-(R5-Pad2)")
    (add_net "Net-(R6-Pad1)")
    (add_net "Net-(R7-Pad1)")
    (add_net "Net-(R8-Pad2)")
    (add_net "Net-(U1-Pad4)")
    (add_net "Net-(U4-Pad3)")
    (add_net "Net-(U4-Pad4)")
    (add_net "Net-(USB1-Pad3)")
    (add_net "Net-(USB1-Pad5)")
    (add_net "Net-(USB1-Pad8)")
    (add_net "Net-(USB1-Pad9)")
  )

  (net_class Power ""
    (clearance 0.15)
    (trace_width 0.25)
    (via_dia 0.6)
    (via_drill 0.35)
    (uvia_dia 0.3)
    (uvia_drill 0.1)
    (diff_pair_gap 0.15)
    (diff_pair_width 0.2)
    (add_net +BATT)
    (add_net -BATT)
    (add_net GND)
    (add_net VCC)
    (add_net VDD)
  )

  (module CustomFootprints:RoundPad (layer F.Cu) (tedit 5CD0F2E3) (tstamp 5CF86441)
    (at 156.6926 108.2421 287)
    (path /5CD1A561)
    (fp_text reference D21 (at 0.030379 -1.532093 26) (layer F.SilkS)
      (effects (font (size 0.5 0.5) (thickness 0.125)))
    )
    (fp_text value Conn_01x01 (at 0 -0.5 287) (layer F.Fab)
      (effects (font (size 1 1) (thickness 0.15)))
    )
    (pad 1 smd custom (at 0 0 287) (size 1.27 1.27) (layers F.Cu F.Paste F.Mask)
      (net 44 /IO21) (zone_connect 0)
      (options (clearance outline) (anchor circle))
      (primitives
        (gr_poly (pts
           (xy 0 0.635) (xy 0.635 0.635) (xy 0.635 -0.635) (xy 0 -0.635)) (width 0))
      ))
  )

  (module CustomFootprints:RoundPad (layer F.Cu) (tedit 5CD0F2E3) (tstamp 5CF86638)
    (at 149.86 108.3437 255)
    (path /5CD1A37B)
    (fp_text reference D18 (at 0.026422 1.570681 335) (layer F.SilkS)
      (effects (font (size 0.5 0.5) (thickness 0.125)))
    )
    (fp_text value Conn_01x01 (at 0 -0.5 255) (layer F.Fab)
      (effects (font (size 1 1) (thickness 0.15)))
    )
    (pad 1 smd custom (at 0 0 255) (size 1.27 1.27) (layers F.Cu F.Paste F.Mask)
      (net 59 /IO18) (zone_connect 0)
      (options (clearance outline) (anchor circle))
      (primitives
        (gr_poly (pts
           (xy 0 0.635) (xy 0.635 0.635) (xy 0.635 -0.635) (xy 0 -0.635)) (width 0))
      ))
  )

  (module CustomFootprints:RoundPad (layer F.Cu) (tedit 5CD0F2E3) (tstamp 5CF8642B)
    (at 153.289 108.7882 271)
    (path /5CD1A505)
    (fp_text reference D19 (at -1.219014 -0.021278) (layer F.SilkS)
      (effects (font (size 0.5 0.5) (thickness 0.125)))
    )
    (fp_text value Conn_01x01 (at 0 -0.5 271) (layer F.Fab)
      (effects (font (size 1 1) (thickness 0.15)))
    )
    (pad 1 smd custom (at 0 0 271) (size 1.27 1.27) (layers F.Cu F.Paste F.Mask)
      (net 40 /IO19) (zone_connect 0)
      (options (clearance outline) (anchor circle))
      (primitives
        (gr_poly (pts
           (xy 0 0.635) (xy 0.635 0.635) (xy 0.635 -0.635) (xy 0 -0.635)) (width 0))
      ))
  )

  (module CustomFootprints:RoundPad (layer F.Cu) (tedit 5CD0F2E3) (tstamp 5CF86457)
    (at 155.0035 108.6358 279)
    (path /5CD1A5C1)
    (fp_text reference D22 (at -1.043732 -0.229602) (layer F.SilkS)
      (effects (font (size 0.5 0.5) (thickness 0.125)))
    )
    (fp_text value Conn_01x01 (at 0 -0.5 279) (layer F.Fab)
      (effects (font (size 1 1) (thickness 0.15)))
    )
    (pad 1 smd custom (at 0 0 279) (size 1.27 1.27) (layers F.Cu F.Paste F.Mask)
      (net 41 /IO22) (zone_connect 0)
      (options (clearance outline) (anchor circle))
      (primitives
        (gr_poly (pts
           (xy 0 0.635) (xy 0.635 0.635) (xy 0.635 -0.635) (xy 0 -0.635)) (width 0))
      ))
  )

  (module CustomFootprints:RoundPad (layer F.Cu) (tedit 5CD0F2E3) (tstamp 5CF8646D)
    (at 151.5618 108.6866 262)
    (path /5CD1A61D)
    (fp_text reference D23 (at -1.099654 0.205845) (layer F.SilkS)
      (effects (font (size 0.5 0.5) (thickness 0.125)))
    )
    (fp_text value Conn_01x01 (at 0 -0.5 262) (layer F.Fab)
      (effects (font (size 1 1) (thickness 0.15)))
    )
    (pad 1 smd custom (at 0 0 262) (size 1.27 1.27) (layers F.Cu F.Paste F.Mask)
      (net 60 /IO23) (zone_connect 0)
      (options (clearance outline) (anchor circle))
      (primitives
        (gr_poly (pts
           (xy 0 0.635) (xy 0.635 0.635) (xy 0.635 -0.635) (xy 0 -0.635)) (width 0))
      ))
  )

  (module CustomFootprints:RoundPad (layer F.Cu) (tedit 5CD0F2E3) (tstamp 5CF86483)
    (at 159.1945 86.2965 60)
    (path /5CD1A68F)
    (fp_text reference D25 (at -0.430554 -0.821942 90) (layer F.SilkS)
      (effects (font (size 0.5 0.5) (thickness 0.125)))
    )
    (fp_text value Conn_01x01 (at 0 -0.5 60) (layer F.Fab)
      (effects (font (size 1 1) (thickness 0.15)))
    )
    (pad 1 smd custom (at 0 0 60) (size 1.27 1.27) (layers F.Cu F.Paste F.Mask)
      (net 23 /IO25) (zone_connect 0)
      (options (clearance outline) (anchor circle))
      (primitives
        (gr_poly (pts
           (xy 0 0.635) (xy 0.635 0.635) (xy 0.635 -0.635) (xy 0 -0.635)) (width 0))
      ))
  )

  (module LIR2450:LIR2450 (layer B.Cu) (tedit 5A54AEBA) (tstamp 5CCDF54D)
    (at 152.5905 96.7105)
    (path /5CE45705)
    (fp_text reference BATT1 (at 1 -7.5) (layer B.SilkS)
      (effects (font (size 1 1) (thickness 0.15)) (justify mirror))
    )
    (fp_text value LIR2450 (at 1 5) (layer B.Fab)
      (effects (font (size 1 1) (thickness 0.15)) (justify mirror))
    )
    (fp_text user - (at -9.5 1.5) (layer B.SilkS)
      (effects (font (size 1 1) (thickness 0.15)) (justify mirror))
    )
    (fp_text user + (at 10 1) (layer B.SilkS)
      (effects (font (size 1 1) (thickness 0.15)) (justify mirror))
    )
    (fp_circle (center 0.5 0) (end 10.5 5.5) (layer B.SilkS) (width 0.15))
    (pad 1 thru_hole circle (at 12 0) (size 1.524 1.524) (drill 0.762) (layers *.Cu *.Mask)
      (net 52 +BATT))
    (pad 2 thru_hole circle (at -11 0) (size 1.524 1.524) (drill 0.762) (layers *.Cu *.Mask)
      (net 53 -BATT))
    (model ${KIPRJMOD}/libs/LIR2450.3dshapes/lir2450.wrl
      (offset (xyz 0.5 0 0))
      (scale (xyz 0.35 0.35 0.35))
      (rotate (xyz -90 0 0))
    )
  )

  (module Package_TO_SOT_SMD:SuperSOT-3 (layer F.Cu) (tedit 5A02FF57) (tstamp 5CCDF5D8)
    (at 158.8795 95.2705 270)
    (descr "3-pin SuperSOT package https://www.fairchildsemi.com/package-drawings/MA/MA03B.pdf")
    (tags "SuperSOT-3 SSOT-3")
    (path /5CD4B1E9)
    (attr smd)
    (fp_text reference IC3 (at 1.3765 1.2725) (layer F.SilkS)
      (effects (font (size 0.5 0.5) (thickness 0.125)))
    )
    (fp_text value FDN340P (at 3.048 0.0635) (layer F.Fab) hide
      (effects (font (size 1.27 1.27) (thickness 0.254)))
    )
    (fp_line (start 2.05 1.7) (end -2.05 1.7) (layer F.CrtYd) (width 0.05))
    (fp_line (start 2.05 1.7) (end 2.05 -1.7) (layer F.CrtYd) (width 0.05))
    (fp_line (start -2.05 -1.7) (end -2.05 1.7) (layer F.CrtYd) (width 0.05))
    (fp_line (start -2.05 -1.7) (end 2.05 -1.7) (layer F.CrtYd) (width 0.05))
    (fp_line (start -0.15 -1.45) (end 0.7 -1.45) (layer F.Fab) (width 0.12))
    (fp_line (start -0.7 -0.9) (end -0.15 -1.45) (layer F.Fab) (width 0.12))
    (fp_line (start -0.7 1.45) (end -0.7 -0.9) (layer F.Fab) (width 0.12))
    (fp_line (start 0.7 1.45) (end -0.7 1.45) (layer F.Fab) (width 0.12))
    (fp_line (start 0.7 -1.45) (end 0.7 1.45) (layer F.Fab) (width 0.12))
    (fp_line (start 0.85 -1.6) (end 0.85 -0.65) (layer F.SilkS) (width 0.12))
    (fp_line (start -1.75 -1.6) (end 0.85 -1.6) (layer F.SilkS) (width 0.12))
    (fp_line (start 0.85 0.65) (end 0.85 1.45) (layer F.SilkS) (width 0.12))
    (fp_text user %R (at 0 0) (layer F.Fab)
      (effects (font (size 0.5 0.5) (thickness 0.075)))
    )
    (pad 3 smd rect (at 1.1 0 270) (size 1.4 1) (layers F.Cu F.Paste F.Mask)
      (net 54 VDD))
    (pad 2 smd rect (at -1.1 0.95 270) (size 1.4 1) (layers F.Cu F.Paste F.Mask)
      (net 49 VCC))
    (pad 1 smd rect (at -1.1 -0.95 270) (size 1.4 1) (layers F.Cu F.Paste F.Mask)
      (net 52 +BATT))
    (model ${KISYS3DMOD}/Package_TO_SOT_SMD.3dshapes/SuperSOT-3.wrl
      (at (xyz 0 0 0))
      (scale (xyz 1 1 1))
      (rotate (xyz 0 0 0))
    )
  )

  (module Resistor_SMD:R_0603_1608Metric (layer F.Cu) (tedit 5CCBAE3C) (tstamp 5CD9498F)
    (at 146.6595 87.757 180)
    (descr "Resistor SMD 0603 (1608 Metric), square (rectangular) end terminal, IPC_7351 nominal, (Body size source: http://www.tortai-tech.com/upload/download/2011102023233369053.pdf), generated with kicad-footprint-generator")
    (tags resistor)
    (path /5D3E7B4E)
    (attr smd)
    (fp_text reference R6 (at -0.5335 1.0795 180) (layer F.SilkS)
      (effects (font (size 0.5 0.5) (thickness 0.125)))
    )
    (fp_text value 5K1 (at 0 1.43 180) (layer F.Fab)
      (effects (font (size 1 1) (thickness 0.15)))
    )
    (fp_line (start -0.8 0.4) (end -0.8 -0.4) (layer F.Fab) (width 0.1))
    (fp_line (start -0.8 -0.4) (end 0.8 -0.4) (layer F.Fab) (width 0.1))
    (fp_line (start 0.8 -0.4) (end 0.8 0.4) (layer F.Fab) (width 0.1))
    (fp_line (start 0.8 0.4) (end -0.8 0.4) (layer F.Fab) (width 0.1))
    (fp_line (start -0.162779 -0.51) (end 0.162779 -0.51) (layer F.SilkS) (width 0.12))
    (fp_line (start -0.162779 0.51) (end 0.162779 0.51) (layer F.SilkS) (width 0.12))
    (fp_line (start -1.48 0.73) (end -1.48 -0.73) (layer F.CrtYd) (width 0.05))
    (fp_line (start -1.48 -0.73) (end 1.48 -0.73) (layer F.CrtYd) (width 0.05))
    (fp_line (start 1.48 -0.73) (end 1.48 0.73) (layer F.CrtYd) (width 0.05))
    (fp_line (start 1.48 0.73) (end -1.48 0.73) (layer F.CrtYd) (width 0.05))
    (fp_text user %R (at 0 0 180) (layer F.Fab)
      (effects (font (size 0.4 0.4) (thickness 0.06)))
    )
    (pad 1 smd roundrect (at -0.7875 0 180) (size 0.875 0.95) (layers F.Cu F.Paste F.Mask) (roundrect_rratio 0.25)
      (net 4 "Net-(R6-Pad1)"))
    (pad 2 smd roundrect (at 0.7875 0 180) (size 0.875 0.95) (layers F.Cu F.Paste F.Mask) (roundrect_rratio 0.25)
      (net 1 GND))
    (model ${KISYS3DMOD}/Resistor_SMD.3dshapes/R_0603_1608Metric.wrl
      (at (xyz 0 0 0))
      (scale (xyz 1 1 1))
      (rotate (xyz 0 0 0))
    )
  )

  (module Resistor_SMD:R_0603_1608Metric (layer F.Cu) (tedit 5CCBAE45) (tstamp 5CD949A0)
    (at 146.685 89.281 180)
    (descr "Resistor SMD 0603 (1608 Metric), square (rectangular) end terminal, IPC_7351 nominal, (Body size source: http://www.tortai-tech.com/upload/download/2011102023233369053.pdf), generated with kicad-footprint-generator")
    (tags resistor)
    (path /5D3E7B48)
    (attr smd)
    (fp_text reference R7 (at 1.816 0 90) (layer F.SilkS)
      (effects (font (size 0.5 0.5) (thickness 0.125)))
    )
    (fp_text value 5K1 (at 0 1.43 180) (layer F.Fab)
      (effects (font (size 1 1) (thickness 0.15)))
    )
    (fp_text user %R (at 0 0 180) (layer F.Fab)
      (effects (font (size 0.4 0.4) (thickness 0.06)))
    )
    (fp_line (start 1.48 0.73) (end -1.48 0.73) (layer F.CrtYd) (width 0.05))
    (fp_line (start 1.48 -0.73) (end 1.48 0.73) (layer F.CrtYd) (width 0.05))
    (fp_line (start -1.48 -0.73) (end 1.48 -0.73) (layer F.CrtYd) (width 0.05))
    (fp_line (start -1.48 0.73) (end -1.48 -0.73) (layer F.CrtYd) (width 0.05))
    (fp_line (start -0.162779 0.51) (end 0.162779 0.51) (layer F.SilkS) (width 0.12))
    (fp_line (start -0.162779 -0.51) (end 0.162779 -0.51) (layer F.SilkS) (width 0.12))
    (fp_line (start 0.8 0.4) (end -0.8 0.4) (layer F.Fab) (width 0.1))
    (fp_line (start 0.8 -0.4) (end 0.8 0.4) (layer F.Fab) (width 0.1))
    (fp_line (start -0.8 -0.4) (end 0.8 -0.4) (layer F.Fab) (width 0.1))
    (fp_line (start -0.8 0.4) (end -0.8 -0.4) (layer F.Fab) (width 0.1))
    (pad 2 smd roundrect (at 0.7875 0 180) (size 0.875 0.95) (layers F.Cu F.Paste F.Mask) (roundrect_rratio 0.25)
      (net 1 GND))
    (pad 1 smd roundrect (at -0.7875 0 180) (size 0.875 0.95) (layers F.Cu F.Paste F.Mask) (roundrect_rratio 0.25)
      (net 5 "Net-(R7-Pad1)"))
    (model ${KISYS3DMOD}/Resistor_SMD.3dshapes/R_0603_1608Metric.wrl
      (at (xyz 0 0 0))
      (scale (xyz 1 1 1))
      (rotate (xyz 0 0 0))
    )
  )

  (module Capacitor_SMD:C_0603_1608Metric (layer F.Cu) (tedit 5CCBABEA) (tstamp 5CD94858)
    (at 145.288 104.432 90)
    (descr "Capacitor SMD 0603 (1608 Metric), square (rectangular) end terminal, IPC_7351 nominal, (Body size source: http://www.tortai-tech.com/upload/download/2011102023233369053.pdf), generated with kicad-footprint-generator")
    (tags capacitor)
    (path /5D121830)
    (attr smd)
    (fp_text reference C2 (at 0.2285 -1.27 180) (layer F.SilkS)
      (effects (font (size 0.5 0.5) (thickness 0.125)))
    )
    (fp_text value 2.7pF (at 0 1.43 90) (layer F.Fab)
      (effects (font (size 1 1) (thickness 0.15)))
    )
    (fp_line (start -0.8 0.4) (end -0.8 -0.4) (layer F.Fab) (width 0.1))
    (fp_line (start -0.8 -0.4) (end 0.8 -0.4) (layer F.Fab) (width 0.1))
    (fp_line (start 0.8 -0.4) (end 0.8 0.4) (layer F.Fab) (width 0.1))
    (fp_line (start 0.8 0.4) (end -0.8 0.4) (layer F.Fab) (width 0.1))
    (fp_line (start -0.162779 -0.51) (end 0.162779 -0.51) (layer F.SilkS) (width 0.12))
    (fp_line (start -0.162779 0.51) (end 0.162779 0.51) (layer F.SilkS) (width 0.12))
    (fp_line (start -1.48 0.73) (end -1.48 -0.73) (layer F.CrtYd) (width 0.05))
    (fp_line (start -1.48 -0.73) (end 1.48 -0.73) (layer F.CrtYd) (width 0.05))
    (fp_line (start 1.48 -0.73) (end 1.48 0.73) (layer F.CrtYd) (width 0.05))
    (fp_line (start 1.48 0.73) (end -1.48 0.73) (layer F.CrtYd) (width 0.05))
    (fp_text user %R (at 0 0 90) (layer F.Fab)
      (effects (font (size 0.4 0.4) (thickness 0.06)))
    )
    (pad 1 smd roundrect (at -0.7875 0 90) (size 0.875 0.95) (layers F.Cu F.Paste F.Mask) (roundrect_rratio 0.25)
      (net 9 "Net-(ANT1-Pad2)"))
    (pad 2 smd roundrect (at 0.7875 0 90) (size 0.875 0.95) (layers F.Cu F.Paste F.Mask) (roundrect_rratio 0.25)
      (net 1 GND))
    (model ${KISYS3DMOD}/Capacitor_SMD.3dshapes/C_0603_1608Metric.wrl
      (at (xyz 0 0 0))
      (scale (xyz 1 1 1))
      (rotate (xyz 0 0 0))
    )
  )

  (module Capacitor_SMD:C_0603_1608Metric (layer F.Cu) (tedit 5CCBAC3D) (tstamp 5CE67F40)
    (at 146.939 105.118 270)
    (descr "Capacitor SMD 0603 (1608 Metric), square (rectangular) end terminal, IPC_7351 nominal, (Body size source: http://www.tortai-tech.com/upload/download/2011102023233369053.pdf), generated with kicad-footprint-generator")
    (tags capacitor)
    (path /5D121896)
    (attr smd)
    (fp_text reference C3 (at -1.8035 0 180) (layer F.SilkS)
      (effects (font (size 0.5 0.5) (thickness 0.125)))
    )
    (fp_text value 4.7pF (at 0 1.43 270) (layer F.Fab)
      (effects (font (size 1 1) (thickness 0.15)))
    )
    (fp_text user %R (at 0 0 270) (layer F.Fab)
      (effects (font (size 0.4 0.4) (thickness 0.06)))
    )
    (fp_line (start 1.48 0.73) (end -1.48 0.73) (layer F.CrtYd) (width 0.05))
    (fp_line (start 1.48 -0.73) (end 1.48 0.73) (layer F.CrtYd) (width 0.05))
    (fp_line (start -1.48 -0.73) (end 1.48 -0.73) (layer F.CrtYd) (width 0.05))
    (fp_line (start -1.48 0.73) (end -1.48 -0.73) (layer F.CrtYd) (width 0.05))
    (fp_line (start -0.162779 0.51) (end 0.162779 0.51) (layer F.SilkS) (width 0.12))
    (fp_line (start -0.162779 -0.51) (end 0.162779 -0.51) (layer F.SilkS) (width 0.12))
    (fp_line (start 0.8 0.4) (end -0.8 0.4) (layer F.Fab) (width 0.1))
    (fp_line (start 0.8 -0.4) (end 0.8 0.4) (layer F.Fab) (width 0.1))
    (fp_line (start -0.8 -0.4) (end 0.8 -0.4) (layer F.Fab) (width 0.1))
    (fp_line (start -0.8 0.4) (end -0.8 -0.4) (layer F.Fab) (width 0.1))
    (pad 2 smd roundrect (at 0.7875 0 270) (size 0.875 0.95) (layers F.Cu F.Paste F.Mask) (roundrect_rratio 0.25)
      (net 13 "Net-(C3-Pad2)"))
    (pad 1 smd roundrect (at -0.7875 0 270) (size 0.875 0.95) (layers F.Cu F.Paste F.Mask) (roundrect_rratio 0.25)
      (net 9 "Net-(ANT1-Pad2)"))
    (model ${KISYS3DMOD}/Capacitor_SMD.3dshapes/C_0603_1608Metric.wrl
      (at (xyz 0 0 0))
      (scale (xyz 1 1 1))
      (rotate (xyz 0 0 0))
    )
  )

  (module Inductor_SMD:L_0603_1608Metric (layer F.Cu) (tedit 5CCBAC02) (tstamp 5CD94924)
    (at 153.035 103.3525 90)
    (descr "Inductor SMD 0603 (1608 Metric), square (rectangular) end terminal, IPC_7351 nominal, (Body size source: http://www.tortai-tech.com/upload/download/2011102023233369053.pdf), generated with kicad-footprint-generator")
    (tags inductor)
    (path /5D0D81D3)
    (attr smd)
    (fp_text reference L1 (at -1.9305 0 180) (layer F.SilkS)
      (effects (font (size 0.5 0.5) (thickness 0.125)))
    )
    (fp_text value 1.6nH (at 0 1.43 90) (layer F.Fab)
      (effects (font (size 1 1) (thickness 0.15)))
    )
    (fp_line (start -0.8 0.4) (end -0.8 -0.4) (layer F.Fab) (width 0.1))
    (fp_line (start -0.8 -0.4) (end 0.8 -0.4) (layer F.Fab) (width 0.1))
    (fp_line (start 0.8 -0.4) (end 0.8 0.4) (layer F.Fab) (width 0.1))
    (fp_line (start 0.8 0.4) (end -0.8 0.4) (layer F.Fab) (width 0.1))
    (fp_line (start -0.162779 -0.51) (end 0.162779 -0.51) (layer F.SilkS) (width 0.12))
    (fp_line (start -0.162779 0.51) (end 0.162779 0.51) (layer F.SilkS) (width 0.12))
    (fp_line (start -1.48 0.73) (end -1.48 -0.73) (layer F.CrtYd) (width 0.05))
    (fp_line (start -1.48 -0.73) (end 1.48 -0.73) (layer F.CrtYd) (width 0.05))
    (fp_line (start 1.48 -0.73) (end 1.48 0.73) (layer F.CrtYd) (width 0.05))
    (fp_line (start 1.48 0.73) (end -1.48 0.73) (layer F.CrtYd) (width 0.05))
    (fp_text user %R (at 0 0 90) (layer F.Fab)
      (effects (font (size 0.4 0.4) (thickness 0.06)))
    )
    (pad 1 smd roundrect (at -0.7875 0 90) (size 0.875 0.95) (layers F.Cu F.Paste F.Mask) (roundrect_rratio 0.25)
      (net 1 GND))
    (pad 2 smd roundrect (at 0.7875 0 90) (size 0.875 0.95) (layers F.Cu F.Paste F.Mask) (roundrect_rratio 0.25)
      (net 13 "Net-(C3-Pad2)"))
    (model ${KISYS3DMOD}/Inductor_SMD.3dshapes/L_0603_1608Metric.wrl
      (at (xyz 0 0 0))
      (scale (xyz 1 1 1))
      (rotate (xyz 0 0 0))
    )
  )

  (module ESP32-PICO-D4:ESP32PICOD4 (layer F.Cu) (tedit 5CCBA218) (tstamp 5CCCD14B)
    (at 153.0985 96.774 180)
    (descr ESP32-PICO-D4-3)
    (tags "Integrated Circuit")
    (path /5D085F2A)
    (attr smd)
    (fp_text reference IC1 (at 2.794 -4.064 180) (layer F.SilkS)
      (effects (font (size 0.5 0.5) (thickness 0.125)))
    )
    (fp_text value ESP32-PICO-D4 (at -0.175 0 180) (layer F.SilkS) hide
      (effects (font (size 1.27 1.27) (thickness 0.254)))
    )
    (fp_line (start -3.5 -3.5) (end 3.5 -3.5) (layer Dwgs.User) (width 0.2))
    (fp_line (start 3.5 -3.5) (end 3.5 3.5) (layer Dwgs.User) (width 0.2))
    (fp_line (start 3.5 3.5) (end -3.5 3.5) (layer Dwgs.User) (width 0.2))
    (fp_line (start -3.5 3.5) (end -3.5 -3.5) (layer Dwgs.User) (width 0.2))
    (fp_line (start -4.6 -4.25) (end 4.25 -4.25) (layer Dwgs.User) (width 0.1))
    (fp_line (start 4.25 -4.25) (end 4.25 4.25) (layer Dwgs.User) (width 0.1))
    (fp_line (start 4.25 4.25) (end -4.6 4.25) (layer Dwgs.User) (width 0.1))
    (fp_line (start -4.6 4.25) (end -4.6 -4.25) (layer Dwgs.User) (width 0.1))
    (fp_line (start -3.5 3) (end -3.5 3.5) (layer F.SilkS) (width 0.1))
    (fp_line (start -3.5 3.5) (end -3 3.5) (layer F.SilkS) (width 0.1))
    (fp_line (start 3 3.5) (end 3.5 3.5) (layer F.SilkS) (width 0.1))
    (fp_line (start 3.5 3.5) (end 3.5 3) (layer F.SilkS) (width 0.1))
    (fp_line (start 3.5 -3) (end 3.5 -3.5) (layer F.SilkS) (width 0.1))
    (fp_line (start 3.5 -3.5) (end 3 -3.5) (layer F.SilkS) (width 0.1))
    (fp_line (start -3.5 -3) (end -3.5 -3.5) (layer F.SilkS) (width 0.1))
    (fp_line (start -3.5 -3.5) (end -3 -3.5) (layer F.SilkS) (width 0.1))
    (fp_line (start -3.8 -2.75) (end -3.8 -2.75) (layer F.SilkS) (width 0.1))
    (fp_line (start -3.9 -2.75) (end -3.9 -2.75) (layer F.SilkS) (width 0.1))
    (fp_arc (start -3.85 -2.75) (end -3.8 -2.75) (angle 180) (layer F.SilkS) (width 0.1))
    (fp_arc (start -3.85 -2.75) (end -3.9 -2.75) (angle 180) (layer F.SilkS) (width 0.1))
    (pad 1 smd rect (at -3.3 -2.75 270) (size 0.3 0.5) (layers F.Cu F.Paste)
      (net 14 +3V3))
    (pad 2 smd rect (at -3.3 -2.25 270) (size 0.3 0.5) (layers F.Cu F.Paste)
      (net 13 "Net-(C3-Pad2)"))
    (pad 3 smd rect (at -3.3 -1.75 270) (size 0.3 0.5) (layers F.Cu F.Paste)
      (net 14 +3V3))
    (pad 4 smd rect (at -3.3 -1.25 270) (size 0.3 0.5) (layers F.Cu F.Paste)
      (net 14 +3V3))
    (pad 5 smd rect (at -3.3 -0.75 270) (size 0.3 0.5) (layers F.Cu F.Paste)
      (net 15 "Net-(IC1-Pad5)"))
    (pad 6 smd rect (at -3.3 -0.25 270) (size 0.3 0.5) (layers F.Cu F.Paste)
      (net 16 "Net-(IC1-Pad6)"))
    (pad 7 smd rect (at -3.3 0.25 270) (size 0.3 0.5) (layers F.Cu F.Paste)
      (net 17 "Net-(IC1-Pad7)"))
    (pad 8 smd rect (at -3.3 0.75 270) (size 0.3 0.5) (layers F.Cu F.Paste)
      (net 18 "Net-(IC1-Pad8)"))
    (pad 9 smd rect (at -3.3 1.25 270) (size 0.3 0.5) (layers F.Cu F.Paste)
      (net 12 /EN))
    (pad 10 smd rect (at -3.3 1.75 270) (size 0.3 0.5) (layers F.Cu F.Paste)
      (net 19 /IO34))
    (pad 11 smd rect (at -3.3 2.25 270) (size 0.3 0.5) (layers F.Cu F.Paste)
      (net 20 /IO35))
    (pad 12 smd rect (at -3.3 2.75 270) (size 0.3 0.5) (layers F.Cu F.Paste)
      (net 21 /IO32))
    (pad 13 smd rect (at -2.75 3.3 180) (size 0.3 0.5) (layers F.Cu F.Paste)
      (net 22 /IO33))
    (pad 14 smd rect (at -2.25 3.3 180) (size 0.3 0.5) (layers F.Cu F.Paste)
      (net 23 /IO25))
    (pad 15 smd rect (at -1.75 3.3 180) (size 0.3 0.5) (layers F.Cu F.Paste)
      (net 24 /IO26))
    (pad 16 smd rect (at -1.25 3.3 180) (size 0.3 0.5) (layers F.Cu F.Paste)
      (net 25 /IO27))
    (pad 17 smd rect (at -0.75 3.3 180) (size 0.3 0.5) (layers F.Cu F.Paste)
      (net 62 /SCL))
    (pad 18 smd rect (at -0.25 3.3 180) (size 0.3 0.5) (layers F.Cu F.Paste)
      (net 26 /IO12))
    (pad 19 smd rect (at 0.25 3.3 180) (size 0.3 0.5) (layers F.Cu F.Paste)
      (net 14 +3V3))
    (pad 20 smd rect (at 0.75 3.3 180) (size 0.3 0.5) (layers F.Cu F.Paste)
      (net 63 /SDA))
    (pad 21 smd rect (at 1.25 3.3 180) (size 0.3 0.5) (layers F.Cu F.Paste)
      (net 27 /IO15))
    (pad 22 smd rect (at 1.75 3.3 180) (size 0.3 0.5) (layers F.Cu F.Paste)
      (net 28 /IO2))
    (pad 23 smd rect (at 2.25 3.3 180) (size 0.3 0.5) (layers F.Cu F.Paste)
      (net 29 /IO0))
    (pad 24 smd rect (at 2.75 3.3 180) (size 0.3 0.5) (layers F.Cu F.Paste)
      (net 30 /IO4))
    (pad 25 smd rect (at 3.3 2.75 270) (size 0.3 0.5) (layers F.Cu F.Paste)
      (net 31 /IO16))
    (pad 26 smd rect (at 3.3 2.25 270) (size 0.3 0.5) (layers F.Cu F.Paste)
      (net 32 "Net-(IC1-Pad26)"))
    (pad 27 smd rect (at 3.3 1.75 270) (size 0.3 0.5) (layers F.Cu F.Paste)
      (net 33 /IO17))
    (pad 28 smd rect (at 3.3 1.25 270) (size 0.3 0.5) (layers F.Cu F.Paste)
      (net 34 "Net-(IC1-Pad28)"))
    (pad 29 smd rect (at 3.3 0.75 270) (size 0.3 0.5) (layers F.Cu F.Paste)
      (net 35 "Net-(IC1-Pad29)"))
    (pad 30 smd rect (at 3.3 0.25 270) (size 0.3 0.5) (layers F.Cu F.Paste)
      (net 36 "Net-(IC1-Pad30)"))
    (pad 31 smd rect (at 3.3 -0.25 270) (size 0.3 0.5) (layers F.Cu F.Paste)
      (net 37 "Net-(IC1-Pad31)"))
    (pad 32 smd rect (at 3.3 -0.75 270) (size 0.3 0.5) (layers F.Cu F.Paste)
      (net 38 "Net-(IC1-Pad32)"))
    (pad 33 smd rect (at 3.3 -1.25 270) (size 0.3 0.5) (layers F.Cu F.Paste)
      (net 39 "Net-(IC1-Pad33)"))
    (pad 34 smd rect (at 3.3 -1.75 270) (size 0.3 0.5) (layers F.Cu F.Paste)
      (net 57 /LED))
    (pad 35 smd rect (at 3.3 -2.25 270) (size 0.3 0.5) (layers F.Cu F.Paste)
      (net 59 /IO18))
    (pad 36 smd rect (at 3.3 -2.75 270) (size 0.3 0.5) (layers F.Cu F.Paste)
      (net 60 /IO23))
    (pad 37 smd rect (at 2.75 -3.3 180) (size 0.3 0.5) (layers F.Cu F.Paste)
      (net 14 +3V3))
    (pad 38 smd rect (at 2.25 -3.3 180) (size 0.3 0.5) (layers F.Cu F.Paste)
      (net 40 /IO19))
    (pad 39 smd rect (at 1.75 -3.3 180) (size 0.3 0.5) (layers F.Cu F.Paste)
      (net 41 /IO22))
    (pad 40 smd rect (at 1.25 -3.3 180) (size 0.3 0.5) (layers F.Cu F.Paste)
      (net 42 /RXD))
    (pad 41 smd rect (at 0.75 -3.3 180) (size 0.3 0.5) (layers F.Cu F.Paste)
      (net 43 /TXD))
    (pad 42 smd rect (at 0.25 -3.3 180) (size 0.3 0.5) (layers F.Cu F.Paste)
      (net 44 /IO21))
    (pad 43 smd rect (at -0.25 -3.3 180) (size 0.3 0.5) (layers F.Cu F.Paste)
      (net 14 +3V3))
    (pad 44 smd rect (at -0.75 -3.3 180) (size 0.3 0.5) (layers F.Cu F.Paste)
      (net 45 "Net-(IC1-Pad44)"))
    (pad 45 smd rect (at -1.25 -3.3 180) (size 0.3 0.5) (layers F.Cu F.Paste)
      (net 46 "Net-(IC1-Pad45)"))
    (pad 46 smd rect (at -1.75 -3.3 180) (size 0.3 0.5) (layers F.Cu F.Paste)
      (net 14 +3V3))
    (pad 47 smd rect (at -2.25 -3.3 180) (size 0.3 0.5) (layers F.Cu F.Paste)
      (net 47 "Net-(IC1-Pad47)"))
    (pad 48 smd rect (at -2.75 -3.3 180) (size 0.3 0.5) (layers F.Cu F.Paste)
      (net 48 "Net-(IC1-Pad48)"))
    (pad 49 smd rect (at 0 0 180) (size 5.4 5.4) (layers F.Cu F.Paste)
      (net 1 GND))
    (model ${KISYS3DMOD}/Package_DFN_QFN.3dshapes/QFN-48-1EP_7x7mm_P0.5mm_EP5.15x5.15mm.step
      (at (xyz 0 0 0))
      (scale (xyz 1 1 1))
      (rotate (xyz 0 0 0))
    )
  )

  (module Type-C:HRO-TYPE-C-31-M-12-Assembly (layer F.Cu) (tedit 5CBCF878) (tstamp 5CF1CB6C)
    (at 153.0985 84.0105 180)
    (path /5D3B82CC)
    (attr smd)
    (fp_text reference USB1 (at 0 -5.5 180) (layer F.SilkS)
      (effects (font (size 1 1) (thickness 0.15)))
    )
    (fp_text value HRO-TYPE-C-31-M-12 (at 0 1.15 180) (layer F.Fab)
      (effects (font (size 1 1) (thickness 0.15)))
    )
    (fp_line (start -4.47 -7.3) (end 4.47 -7.3) (layer Dwgs.User) (width 0.15))
    (fp_line (start 4.47 0) (end 4.47 -7.3) (layer Dwgs.User) (width 0.15))
    (fp_line (start -4.47 0) (end -4.47 -7.3) (layer Dwgs.User) (width 0.15))
    (fp_line (start -4.47 0) (end 4.47 0) (layer Dwgs.User) (width 0.15))
    (fp_text user %R (at 0 -5.5 180) (layer F.Fab)
      (effects (font (size 1 1) (thickness 0.15)))
    )
    (fp_line (start -4.5 -7.5) (end 4.5 -7.5) (layer F.CrtYd) (width 0.15))
    (fp_line (start 4.5 -7.5) (end 4.5 0) (layer F.CrtYd) (width 0.15))
    (fp_line (start 4.5 0) (end -4.5 0) (layer F.CrtYd) (width 0.15))
    (fp_line (start -4.5 0) (end -4.5 -7.5) (layer F.CrtYd) (width 0.15))
    (fp_line (start -3.75 -7.5) (end -3.75 -8.5) (layer F.CrtYd) (width 0.15))
    (fp_line (start -3.75 -8.5) (end 3.75 -8.5) (layer F.CrtYd) (width 0.15))
    (fp_line (start 3.75 -8.5) (end 3.75 -7.5) (layer F.CrtYd) (width 0.15))
    (pad 13 thru_hole oval (at 4.32 -2.6 180) (size 1 1.6) (drill oval 0.6 1.2) (layers *.Cu *.Mask)
      (net 1 GND))
    (pad 13 thru_hole oval (at -4.32 -2.6 180) (size 1 1.6) (drill oval 0.6 1.2) (layers *.Cu *.Mask)
      (net 1 GND))
    (pad 13 thru_hole oval (at 4.32 -6.78 180) (size 1 2.1) (drill oval 0.6 1.7) (layers *.Cu *.Mask)
      (net 1 GND))
    (pad 13 thru_hole oval (at -4.32 -6.78 180) (size 1 2.1) (drill oval 0.6 1.7) (layers *.Cu *.Mask)
      (net 1 GND))
    (pad "" np_thru_hole circle (at -2.89 -6.25 180) (size 0.65 0.65) (drill 0.65) (layers *.Cu *.Mask))
    (pad "" np_thru_hole circle (at 2.89 -6.25 180) (size 0.65 0.65) (drill 0.65) (layers *.Cu *.Mask))
    (pad 6 smd rect (at -0.25 -7.695 180) (size 0.3 1.45) (layers F.Cu F.Paste F.Mask)
      (net 2 /D+))
    (pad 7 smd rect (at 0.25 -7.695 180) (size 0.3 1.45) (layers F.Cu F.Paste F.Mask)
      (net 3 /D-))
    (pad 8 smd rect (at 0.75 -7.695 180) (size 0.3 1.45) (layers F.Cu F.Paste F.Mask)
      (net 51 "Net-(USB1-Pad8)"))
    (pad 5 smd rect (at -0.75 -7.695 180) (size 0.3 1.45) (layers F.Cu F.Paste F.Mask)
      (net 8 "Net-(USB1-Pad5)"))
    (pad 9 smd rect (at 1.25 -7.695 180) (size 0.3 1.45) (layers F.Cu F.Paste F.Mask)
      (net 6 "Net-(USB1-Pad9)"))
    (pad 4 smd rect (at -1.25 -7.695 180) (size 0.3 1.45) (layers F.Cu F.Paste F.Mask)
      (net 4 "Net-(R6-Pad1)"))
    (pad 10 smd rect (at 1.75 -7.695 180) (size 0.3 1.45) (layers F.Cu F.Paste F.Mask)
      (net 5 "Net-(R7-Pad1)"))
    (pad 3 smd rect (at -1.75 -7.695 180) (size 0.3 1.45) (layers F.Cu F.Paste F.Mask)
      (net 7 "Net-(USB1-Pad3)"))
    (pad 2 smd rect (at -2.45 -7.695 180) (size 0.6 1.45) (layers F.Cu F.Paste F.Mask)
      (net 49 VCC))
    (pad 11 smd rect (at 2.45 -7.695 180) (size 0.6 1.45) (layers F.Cu F.Paste F.Mask)
      (net 49 VCC))
    (pad 1 smd rect (at -3.225 -7.695 180) (size 0.6 1.45) (layers F.Cu F.Paste F.Mask)
      (net 1 GND))
    (pad 12 smd rect (at 3.225 -7.695 180) (size 0.6 1.45) (layers F.Cu F.Paste F.Mask)
      (net 1 GND))
    (model "${KIPRJMOD}/libs/Type-C.pretty/HRO  TYPE-C-31-M-12.step"
      (offset (xyz -4.5 0 0))
      (scale (xyz 1 1 1))
      (rotate (xyz -90 0 0))
    )
  )

  (module PRO-OB-440:PRO-OB-440_1 (layer F.Cu) (tedit 5CCBA8B1) (tstamp 5CD94836)
    (at 146.05 104.3686 90)
    (descr PRO-OB-440)
    (tags Antenna)
    (path /5D1117D2)
    (attr smd)
    (fp_text reference ANT1 (at 2.0574 12.7254 180) (layer F.SilkS) hide
      (effects (font (size 0.5 0.5) (thickness 0.125)))
    )
    (fp_text value PRO-OB-440 (at 2.0574 8.6868 180) (layer F.SilkS) hide
      (effects (font (size 0.5 0.5) (thickness 0.125)))
    )
    (fp_line (start -2.615 0) (end 2.615 0) (layer Dwgs.User) (width 0.2))
    (fp_line (start 2.615 0) (end 2.615 13.75) (layer Dwgs.User) (width 0.2))
    (fp_line (start 2.615 13.75) (end -2.615 13.75) (layer Dwgs.User) (width 0.2))
    (fp_line (start -2.615 13.75) (end -2.615 0) (layer Dwgs.User) (width 0.2))
    (fp_line (start 2.6 13.75) (end 2.6 5.9) (layer F.SilkS) (width 0.2))
    (fp_line (start 2.6 0) (end -2 0) (layer F.SilkS) (width 0.2))
    (fp_line (start -2.6 3.65) (end -2.6 12.6) (layer F.SilkS) (width 0.2))
    (fp_line (start 2.6 13.75) (end -0.6 13.75) (layer F.SilkS) (width 0.2))
    (fp_line (start 2.6 0) (end 2.6 1.85) (layer F.SilkS) (width 0.2))
    (fp_line (start -2.6 0.6) (end -2.6 1.85) (layer F.SilkS) (width 0.2))
    (fp_line (start 2.6 3.65) (end 2.6 4.1) (layer F.SilkS) (width 0.2))
    (fp_line (start -2 0) (end -2.6 0.6) (layer F.SilkS) (width 0.2))
    (pad 1 smd rect (at 1.8 2.75 180) (size 1.5 1.9) (layers F.Cu F.Paste)
      (net 1 GND))
    (pad 2 smd rect (at 1.8 5 180) (size 1.5 1.9) (layers F.Cu F.Paste)
      (net 9 "Net-(ANT1-Pad2)"))
    (pad 3 smd rect (at -1.75 2.75 180) (size 1.5 1.9) (layers F.Cu F.Paste)
      (net 10 "Net-(ANT1-Pad3)"))
    (pad 4 smd rect (at -1.75 13.5 180) (size 1.4 1.9) (layers F.Cu F.Paste)
      (net 11 "Net-(ANT1-Pad4)"))
    (model ${KIPRJMOD}/libs/PRO-OB-440.3dshapes/PRO-OB-440.STEP
      (offset (xyz 0 -7 3.5))
      (scale (xyz 1 1 1))
      (rotate (xyz -90 0 -90))
    )
  )

  (module Capacitor_SMD:C_0603_1608Metric (layer F.Cu) (tedit 5CCBAB94) (tstamp 5CD94847)
    (at 155.3465 104.14)
    (descr "Capacitor SMD 0603 (1608 Metric), square (rectangular) end terminal, IPC_7351 nominal, (Body size source: http://www.tortai-tech.com/upload/download/2011102023233369053.pdf), generated with kicad-footprint-generator")
    (tags capacitor)
    (path /5D31FF4F)
    (attr smd)
    (fp_text reference C1 (at -0.0255 1.0795 180) (layer F.SilkS)
      (effects (font (size 0.5 0.5) (thickness 0.125)))
    )
    (fp_text value 0.1uF (at 0 1.43) (layer F.Fab)
      (effects (font (size 1 1) (thickness 0.15)))
    )
    (fp_text user %R (at 0 0) (layer F.Fab)
      (effects (font (size 0.4 0.4) (thickness 0.06)))
    )
    (fp_line (start 1.48 0.73) (end -1.48 0.73) (layer F.CrtYd) (width 0.05))
    (fp_line (start 1.48 -0.73) (end 1.48 0.73) (layer F.CrtYd) (width 0.05))
    (fp_line (start -1.48 -0.73) (end 1.48 -0.73) (layer F.CrtYd) (width 0.05))
    (fp_line (start -1.48 0.73) (end -1.48 -0.73) (layer F.CrtYd) (width 0.05))
    (fp_line (start -0.162779 0.51) (end 0.162779 0.51) (layer F.SilkS) (width 0.12))
    (fp_line (start -0.162779 -0.51) (end 0.162779 -0.51) (layer F.SilkS) (width 0.12))
    (fp_line (start 0.8 0.4) (end -0.8 0.4) (layer F.Fab) (width 0.1))
    (fp_line (start 0.8 -0.4) (end 0.8 0.4) (layer F.Fab) (width 0.1))
    (fp_line (start -0.8 -0.4) (end 0.8 -0.4) (layer F.Fab) (width 0.1))
    (fp_line (start -0.8 0.4) (end -0.8 -0.4) (layer F.Fab) (width 0.1))
    (pad 2 smd roundrect (at 0.7875 0) (size 0.875 0.95) (layers F.Cu F.Paste F.Mask) (roundrect_rratio 0.25)
      (net 1 GND))
    (pad 1 smd roundrect (at -0.7875 0) (size 0.875 0.95) (layers F.Cu F.Paste F.Mask) (roundrect_rratio 0.25)
      (net 12 /EN))
    (model ${KISYS3DMOD}/Capacitor_SMD.3dshapes/C_0603_1608Metric.wrl
      (at (xyz 0 0 0))
      (scale (xyz 1 1 1))
      (rotate (xyz 0 0 0))
    )
  )

  (module Resistor_SMD:R_0603_1608Metric (layer F.Cu) (tedit 5CCBABA3) (tstamp 5CCD21A4)
    (at 155.3465 102.616)
    (descr "Resistor SMD 0603 (1608 Metric), square (rectangular) end terminal, IPC_7351 nominal, (Body size source: http://www.tortai-tech.com/upload/download/2011102023233369053.pdf), generated with kicad-footprint-generator")
    (tags resistor)
    (path /5D31FCE9)
    (attr smd)
    (fp_text reference R1 (at -0.978 -1.3335) (layer F.SilkS)
      (effects (font (size 0.5 0.5) (thickness 0.125)))
    )
    (fp_text value 10K (at 0 1.43) (layer F.Fab)
      (effects (font (size 1 1) (thickness 0.15)))
    )
    (fp_text user %R (at 0 0) (layer F.Fab)
      (effects (font (size 0.4 0.4) (thickness 0.06)))
    )
    (fp_line (start 1.48 0.73) (end -1.48 0.73) (layer F.CrtYd) (width 0.05))
    (fp_line (start 1.48 -0.73) (end 1.48 0.73) (layer F.CrtYd) (width 0.05))
    (fp_line (start -1.48 -0.73) (end 1.48 -0.73) (layer F.CrtYd) (width 0.05))
    (fp_line (start -1.48 0.73) (end -1.48 -0.73) (layer F.CrtYd) (width 0.05))
    (fp_line (start -0.162779 0.51) (end 0.162779 0.51) (layer F.SilkS) (width 0.12))
    (fp_line (start -0.162779 -0.51) (end 0.162779 -0.51) (layer F.SilkS) (width 0.12))
    (fp_line (start 0.8 0.4) (end -0.8 0.4) (layer F.Fab) (width 0.1))
    (fp_line (start 0.8 -0.4) (end 0.8 0.4) (layer F.Fab) (width 0.1))
    (fp_line (start -0.8 -0.4) (end 0.8 -0.4) (layer F.Fab) (width 0.1))
    (fp_line (start -0.8 0.4) (end -0.8 -0.4) (layer F.Fab) (width 0.1))
    (pad 2 smd roundrect (at 0.7875 0) (size 0.875 0.95) (layers F.Cu F.Paste F.Mask) (roundrect_rratio 0.25)
      (net 14 +3V3))
    (pad 1 smd roundrect (at -0.7875 0) (size 0.875 0.95) (layers F.Cu F.Paste F.Mask) (roundrect_rratio 0.25)
      (net 12 /EN))
    (model ${KISYS3DMOD}/Resistor_SMD.3dshapes/R_0603_1608Metric.wrl
      (at (xyz 0 0 0))
      (scale (xyz 1 1 1))
      (rotate (xyz 0 0 0))
    )
  )

  (module Package_TO_SOT_SMD:SOT-23-5 (layer F.Cu) (tedit 5CCBABB4) (tstamp 5CD949D7)
    (at 160.274 91.186 270)
    (descr "5-pin SOT23 package")
    (tags SOT-23-5)
    (path /5D06F08A)
    (attr smd)
    (fp_text reference U1 (at 0.127 0.0025) (layer F.SilkS)
      (effects (font (size 0.5 0.5) (thickness 0.125)))
    )
    (fp_text value SPX3819M5-L-3-3 (at 0 2.9 270) (layer F.Fab)
      (effects (font (size 1 1) (thickness 0.15)))
    )
    (fp_text user %R (at 0 0) (layer F.Fab)
      (effects (font (size 0.5 0.5) (thickness 0.075)))
    )
    (fp_line (start -0.9 1.61) (end 0.9 1.61) (layer F.SilkS) (width 0.12))
